// ml_k1 calibration file.
// 64 means:
0.05147 0.05104 0.04255 0.05735 0.06069 0.05870 0.06604 0.08482 
0.07628 0.06567 0.07624 0.08077 0.08366 0.09148 0.10726 0.14262 
0.08319 0.06237 0.07418 0.08668 0.09194 0.09740 0.11054 0.14144 
0.05477 0.06385 0.06974 0.07258 0.08127 0.09142 0.10849 0.14143 
0.09428 0.07650 0.07713 0.07884 0.09005 0.09384 0.11103 0.16033 
0.05998 0.07288 0.07142 0.07503 0.08441 0.09627 0.10949 0.15953 
0.13415 0.08801 0.07938 0.09169 0.11137 0.10830 0.13160 0.16188 
0.09536 0.08731 0.08897 0.10386 0.11868 0.12216 0.12938 0.17609 
// 64 standard deviations:
0.0000203 0.0000191 0.0000220 0.0000250 0.0000384 0.0000567 0.0000289 0.0000431 
0.0000216 0.0000194 0.0000223 0.0000264 0.0000400 0.0000569 0.0000295 0.0000494 
0.0000207 0.0000202 0.0000464 0.0000344 0.0000401 0.0000567 0.0000305 0.0000417 
0.0000221 0.0000194 0.0000217 0.0000259 0.0000409 0.0000568 0.0000292 0.0000450 
0.0000222 0.0000211 0.0000262 0.0000244 0.0000405 0.0000591 0.0000298 0.0000424 
0.0000214 0.0000202 0.0000557 0.0000250 0.0000436 0.0000586 0.0000294 0.0000461 
0.0000202 0.0000205 0.0000334 0.0000248 0.0000592 0.0000599 0.0000282 0.0000380 
0.0000193 0.0000201 0.0000220 0.0000234 0.0000381 0.0000558 0.0000284 0.0000408 
// 64 maxima:
0.05993 0.06072 0.05238 0.06700 0.07058 0.07371 0.08432 0.10507 
0.08445 0.07427 0.08524 0.09050 0.08983 0.11063 0.11937 0.16124 
0.09146 0.07538 0.08766 0.10679 0.11389 0.11577 0.12571 0.15201 
0.06282 0.07453 0.08046 0.08983 0.09555 0.11052 0.12027 0.15010 
0.10010 0.08278 0.09092 0.10023 0.10642 0.11435 0.12554 0.16897 
0.06496 0.07833 0.08573 0.09101 0.10395 0.11681 0.12662 0.16727 
0.14049 0.09228 0.09211 0.10572 0.12415 0.13360 0.14656 0.17021 
0.10540 0.09263 0.09633 0.11850 0.13259 0.13205 0.13912 0.19461 
